Exercicio 1:
A = [1.00 -2.00 1.00 0.00 0.00;-1.00 1.00 0.00 1.00 0.00;-1.50 1.00 0.00 0.00 1.00]
b = [4.00;3.00;1.00]
c = [-1.00;-3.00;0.00;0.00;0.00]
base = [3 4 5]

Exercicio 2:
A = [1.00 1.00 -1.00 0.00 0.00;-1.00 1.00 0.00 -1.00 0.00;0.00 1.00 0.00 0.00 1.00]
b = [2.00;1.00;3.00]
c = [1.00;-2.00;0.00;0.00;0.00]
base = [1 2 5]

Exercicio 3:
A = [-2.00 0.00 3.00 1.00 0.00 0.00 0.00 0.00;2.00 1.00 2.00 0.00 1.00 0.00 0.00 0.00;0.00 -1.00 3.00 0.00 0.00 1.00 0.00 0.00;3.00 3.00 0.00 0.00 0.00 0.00 1.00 0.00;1.00 -1.00 -3.00 0.00 0.00 0.00 0.00 1.00]
b = [6.00;7.00;7.00;8.00;9.00]
c = [-2.00;0.00;-3.00;0.00;0.00;0.00;0.00;0.00]
base = [4 5 6 7 8]

Exercicio 4:
A = [1.00 0.00 0.00 0.25 -8.00 -1.00 9.00;0.00 1.00 0.00 0.50 -12.00 -0.50 3.00;0.00 0.00 1.00 0.00 0.00 1.00 0.00]
b = [0.00;0.00;1.00]
c = [0.00;0.00;0.00;-0.75;20.00;-0.50;6.00]
base = [1 2 3]

Exercicio 5:
A = [0.00 -2.00 0.00 1.00 0.00 0.00;-1.00 0.00 1.00 0.00 1.00 0.00;-2.00 1.00 3.00 0.00 0.00 1.00]
b = [7.00;3.00;2.00]
c = [3.00;-3.00;1.00;0.00;0.00;0.00]
base = [1 3 2]

Exercicio 6:
A = [1.00 1.00 1.00 0.00;2.00 3.00 0.00 -1.00]
b = [4.00;18.00]
c = [-3.00;4.00;0.00;0.00]
base = [3 4]

